Иванов Художник 13 12 2001 55 111000
Воронов Пайтон-девелопер 08 09 1998 1 70000
Шорохов Прогер 01 01 1901 102 800000
Бессонова Программер 09 06 1971 15 89193
Тарасова Врач 03 08 1986 17 1125
Антонов Прогер 27 03 2003 5 151000
Алексеев Программист 11 04 2017 8 1905
Котова Радист 04 03 1990 9 190222
Дмитриева Командир 21 06 1994 12 15
Баранов Дизайнер 06 10 2014 2 56050
Денисов Наводчик 10 03 2010 10 18000
Фокина Дантист 26 11 1955 7 80909
Котов Прогер 03 04 2015 102 27878
Ильин Механик 23 01 1983 3 19155
Крючков Маляр 11 06 2015 2 133333
Старикова Администратор 19 05 1975 16 98944
Шмелева Сантехник 24 08 1962 109 14765
Никонова Таксист 19 03 1998 1 989353
Яковлев Директор 09 01 2001 4 69420
Моргенштерн Певец 30 01 2009 6 10000000
Зубова Тракторист 27 11 2015 19 10000001